OUTCOME:
REPRODUCIBLE_CAUSAL_STRUCTURE_OBSERVED

SOURCE_K_t:
{"component_count": 60, "layer_count": 30, "sequence_length": 320, "sha256": "8d5f495ed7c83b37201804e7bfea91f5b9481aa133fea015aa4ea15415aa0eaf", "tensor_byte_count": 14745600}

SOURCE_DELTA_t:
{"count": 16, "sha256": "7b5154e56e0e904f4820b0dfad049b8e40b9706a4a36143b01983b4ed6e7b78c", "token_ids": [10199, 15799, 38, 79, 6493, 3010, 198, 10199, 15799, 38, 79, 6493, 3010, 198, 10199, 15799]}

BASELINE_K_t_PLUS_1:
{"component_count": 60, "layer_count": 30, "sequence_length": 362, "sha256": "04c99a9d3d5d3500a1eaf93e1b7ccade9cad2950c918ae691c85fc02a8c7713b", "tensor_byte_count": 16680960}

INTERVENTION_SELECTION_RULE:
q_j=floor(((2j+1)N)/24), j=0..11

INTERVENTION_COUNT:
12

INTERVENTION_SITES:
[{"component": "key", "component_flat_index": 30720, "j": 0, "layer": 1, "native_coordinate": [0, 1, 160, 0], "q_j": 153600}, {"component": "value", "component_flat_index": 30720, "j": 1, "layer": 3, "native_coordinate": [0, 1, 160, 0], "q_j": 460800}, {"component": "key", "component_flat_index": 30720, "j": 2, "layer": 6, "native_coordinate": [0, 1, 160, 0], "q_j": 768000}, {"component": "value", "component_flat_index": 30720, "j": 3, "layer": 8, "native_coordinate": [0, 1, 160, 0], "q_j": 1075200}, {"component": "key", "component_flat_index": 30720, "j": 4, "layer": 11, "native_coordinate": [0, 1, 160, 0], "q_j": 1382400}, {"component": "value", "component_flat_index": 30720, "j": 5, "layer": 13, "native_coordinate": [0, 1, 160, 0], "q_j": 1689600}, {"component": "key", "component_flat_index": 30720, "j": 6, "layer": 16, "native_coordinate": [0, 1, 160, 0], "q_j": 1996800}, {"component": "value", "component_flat_index": 30720, "j": 7, "layer": 18, "native_coordinate": [0, 1, 160, 0], "q_j": 2304000}, {"component": "key", "component_flat_index": 30720, "j": 8, "layer": 21, "native_coordinate": [0, 1, 160, 0], "q_j": 2611200}, {"component": "value", "component_flat_index": 30720, "j": 9, "layer": 23, "native_coordinate": [0, 1, 160, 0], "q_j": 2918400}, {"component": "key", "component_flat_index": 30720, "j": 10, "layer": 26, "native_coordinate": [0, 1, 160, 0], "q_j": 3225600}, {"component": "value", "component_flat_index": 30720, "j": 11, "layer": 28, "native_coordinate": [0, 1, 160, 0], "q_j": 3532800}]

ALL_PRE_STATES_EQUAL_K_t:
PASS

ALL_INTERVENTION_SUPPORTS_EXACTLY_BOUNDED:
PASS

ALL_NON_INTERVENED_PRE_STATE_BYTES_UNCHANGED:
PASS

ALL_DELTAS_IDENTICAL:
PASS

RUNTIME_PHYSICS_INVARIANT:
PASS

BASELINE_REPLAY_EXACT:
PASS

RESPONSES:
[{"artifact": {"byte_count": 16699843, "file_sha256": "fd0302cdb3aa54d17a5bf697e8b908c25f1389cea786e6fcb20e1595c5820887", "path": "evidence/kv_causal_response_structure/response_00_final.pt"}, "complete_response_sha256": "2e310c813059738d9aa80e94f15409cc73f7b37b60994c0c0d73750275dc0cc6", "component_energy_profile": [0.0, 0.0, 1.0, 0.0, 0.0017620929104983471, 0.0006936963227339317, 0.0016953310583772872, 0.0010117724458856545, 0.0017097813091703016, 0.0009969512522478652, 0.001602270973850751, 0.0009837385995902826, 0.0017272643842639974, 0.0009537582748935348, 0.001628669249220699, 0.0011845937457332842, 0.0015467945537563004, 0.000977922509403715, 0.0010756920105434362, 0.0006967187780226251, 0.0009509278437790174, 0.0006137501267775761, 0.0008163839320118211, 0.0005944877135272776, 0.0008518058584639218, 0.000637963628861082, 0.0007929893993034905, 0.0005384841088294897, 0.0011797664048782226, 0.0009130450965643632, 0.0009636647985938833, 0.000756068404978226, 0.0009054072797647508, 0.0006423078916408501, 0.0013106621774726986, 0.0010409596753493807, 0.001848518240930549, 0.0009556713776349693, 0.0006482691518707328, 0.000856821767471159, 0.0013877630882462967, 0.0009093103289303024, 0.0007465287102856027, 0.000649540888201349, 0.0007207752335744767, 0.0006595402621158027, 0.0007726309596531866, 0.0013625506566940322, 0.0005961053453617556, 0.0012222311304590802, 0.00046331730099175597, 0.0005415784035144028, 0.0004918355883813199, 0.0006419886835419275, 0.00044923037863326835, 0.0005142524067697994, 0.00045101271717249894, 0.0006291029676643261, 0.000384655992079355, 0.0008145620354315812], "components_with_nonzero_response": 57, "l2_norm": 1.0000287501989613, "layers_with_nonzero_response": 29, "nonzero_scalar_count": 448536}, {"artifact": {"byte_count": 16699843, "file_sha256": "124018ba21124132c6e3458c5915aebdc3045ba679a75e9eb3b32faf889ef83c", "path": "evidence/kv_causal_response_structure/response_01_final.pt"}, "complete_response_sha256": "e2b10c0d3cfaa110b507b59d4366f458cf4230b282867a1eaed120ea5bcaf46b", "component_energy_profile": [0.0, 0.0, 0.0, 0.0, 0.0, 0.0, 0.0, 1.0, 0.0019760454416507685, 0.00107902372879845, 0.00174325517081985, 0.0011411415986528192, 0.0016142226370657964, 0.0009778521636476865, 0.0013805679176734015, 0.0011897976239154686, 0.0013135132862236794, 0.000891508779167287, 0.0010438851794026145, 0.0006869465426357935, 0.0009181810982057998, 0.0005682862394229409, 0.0008035404630760061, 0.0005432411697160014, 0.0008572123502975371, 0.0006052491439342129, 0.0008309188071531708, 0.0005114624830235193, 0.0010367060089200113, 0.0008448831838023731, 0.0009534680960908208, 0.0007176677386944325, 0.0006982935288773024, 0.0005362351841180664, 0.0009915589162057961, 0.0008531769150971362, 0.0015587091976380478, 0.0007247399353079624, 0.0005235266450318517, 0.0007677035068717579, 0.0009189808781535896, 0.0007941324383342953, 0.0005475958892944305, 0.0006317802757842032, 0.0005187521517554793, 0.0006346977383910472, 0.0005767072508827358, 0.0014633207219092404, 0.00047623109796641566, 0.0012989959209966314, 0.00041490825191009426, 0.0005786379221791741, 0.00041905287670086083, 0.0007054538785277729, 0.00037722543351831735, 0.0005867093840945519, 0.0004124963024152082, 0.0007592937370041137, 0.00037432253755321105, 0.0009729424403004883], "components_with_nonzero_response": 53, "l2_norm": 1.0000223932481587, "layers_with_nonzero_response": 27, "nonzero_scalar_count": 416498}, {"artifact": {"byte_count": 16699843, "file_sha256": "fb5222e8ae2130dc91183b73f0d57aa3dc5c0a0f722024b4829179239f82a90b", "path": "evidence/kv_causal_response_structure/response_02_final.pt"}, "complete_response_sha256": "0088797005c756765ec142dcf16a198f87d34cfc10ddb1a1bb8de029578b2191", "component_energy_profile": [0.0, 0.0, 0.0, 0.0, 0.0, 0.0, 0.0, 0.0, 0.0, 0.0, 0.0, 0.0, 1.0, 0.0, 0.0007248315465240438, 0.0006370050731896222, 0.0007077023776691262, 0.0005831351735099896, 0.0005955365537818873, 0.0004302083693924132, 0.0005219374512596789, 0.00030609741450280195, 0.0004476046645394261, 0.00031874054012215607, 0.00043060773897698464, 0.00033141077450691593, 0.0004148956859278536, 0.0002650306311338268, 0.0004927576714147918, 0.00039422039085319, 0.000485416289990888, 0.0003615983972408176, 0.00035023821835710416, 0.00026902347582055013, 0.0004805456829805397, 0.0003856385745380683, 0.0006940185619561393, 0.0003477969747082471, 0.00025192365207500237, 0.0003591838888195004, 0.0004091936396601239, 0.0003593980634542836, 0.0002890658160911703, 0.00029754672595425026, 0.0002796883938996617, 0.0003207117603206167, 0.0003007363089972182, 0.0006086059826042483, 0.00023362397982589, 0.0005227622143400211, 0.00019225103679030211, 0.000257978962031589, 0.00018676620199236543, 0.0002979973235845555, 0.00017030687649259907, 0.000244606362149357, 0.00017641370968930412, 0.0003091278891561782, 0.00016194821269268066, 0.0003765983296179812], "components_with_nonzero_response": 47, "l2_norm": 1.0000038505556132, "layers_with_nonzero_response": 24, "nonzero_scalar_count": 364015}, {"artifact": {"byte_count": 16699843, "file_sha256": "f51f93e353d7db87fe164123686e4040cb7d59c5f1aeea30c1acc468ba894a2a", "path": "evidence/kv_causal_response_structure/response_03_final.pt"}, "complete_response_sha256": "acdf90f0c8849fcc7178878c7022a321924abadcc5a109dd92690301c530bdac", "component_energy_profile": [0.0, 0.0, 0.0, 0.0, 0.0, 0.0, 0.0, 0.0, 0.0, 0.0, 0.0, 0.0, 0.0, 0.0, 0.0, 0.0, 0.0, 1.0, 0.00029188337222136224, 0.00020756165101949348, 0.00027404738429250486, 0.00019260340590267555, 0.0002383741032816172, 0.00017618066002756798, 0.0002679520763177351, 0.00019405259373717532, 0.0002499125303785365, 0.00016217104486465143, 0.00032050497069933064, 0.0002527365799372038, 0.00028388967214723675, 0.000227631705470484, 0.0002303919009692021, 0.00017474446685049916, 0.0003178560199532199, 0.00027208402534190107, 0.00046446089517140145, 0.0002325482285263685, 0.00017196191002422358, 0.00023935120533579332, 0.00033371014340959754, 0.00025087941648330576, 0.00019729939516317045, 0.0001899721407903364, 0.00018884737581583908, 0.00018744154923428733, 0.0002055323346756052, 0.0003643928474150798, 0.00015963444810583596, 0.0003282325506649214, 0.00013236168714103637, 0.0001612396044028776, 0.00013432397700692298, 0.00019348831920771298, 0.00012206009801370886, 0.00016612580183506553, 0.0001312961267521951, 0.0001969347089663115, 0.00011952481231548856, 0.0002564973443977206], "components_with_nonzero_response": 43, "l2_norm": 1.0000011734263243, "layers_with_nonzero_response": 22, "nonzero_scalar_count": 329733}, {"artifact": {"byte_count": 16699843, "file_sha256": "dc527160e3355d377f6f63dcbc71324521eb3d2da2b7416640e46d290d6918de", "path": "evidence/kv_causal_response_structure/response_04_final.pt"}, "complete_response_sha256": "a6c393f8b6f7d7ec661754a713b8293b3c931962395968b11fd5c42f0246b069", "component_energy_profile": [0.0, 0.0, 0.0, 0.0, 0.0, 0.0, 0.0, 0.0, 0.0, 0.0, 0.0, 0.0, 0.0, 0.0, 0.0, 0.0, 0.0, 0.0, 0.0, 0.0, 0.0, 0.0, 1.0, 0.0, 0.0005960510836929095, 0.0005028083253497294, 0.0005522052831356333, 0.00040155452681707297, 0.0008089765725883417, 0.0005474274401334928, 0.0006613282167148172, 0.000475470690127269, 0.0004703799383963345, 0.0004192648736609044, 0.001007535411282635, 0.0005937779387959183, 0.001467386133069095, 0.0005125489185831364, 0.0003758324764900423, 0.0005062732139232204, 0.0007026369275134138, 0.000571818897453976, 0.00039577454268199103, 0.0004257049377225871, 0.00039695619469295074, 0.0004594475043056715, 0.0004229880662159152, 0.000861479834507945, 0.0003650051942283944, 0.0008348561688888258, 0.00027100348532427417, 0.0003356479016294343, 0.00027010617926946764, 0.0004202854171625375, 0.00024295744284037632, 0.00033271073931009665, 0.00024690157423423416, 0.00041970346581974823, 0.00022244645869161608, 0.0005197327824749423], "components_with_nonzero_response": 37, "l2_norm": 1.0000058553191586, "layers_with_nonzero_response": 19, "nonzero_scalar_count": 286323}, {"artifact": {"byte_count": 16699843, "file_sha256": "8b5d80f542f2360fd3dcf1a51e2407ca547b63a03ca0f1628d4884ee3c04481e", "path": "evidence/kv_causal_response_structure/response_05_final.pt"}, "complete_response_sha256": "9106ff389f21db365b4a1ac75226714ea6eb96deee456ba946c8783ce925d158", "component_energy_profile": [0.0, 0.0, 0.0, 0.0, 0.0, 0.0, 0.0, 0.0, 0.0, 0.0, 0.0, 0.0, 0.0, 0.0, 0.0, 0.0, 0.0, 0.0, 0.0, 0.0, 0.0, 0.0, 0.0, 0.0, 0.0, 0.0, 0.0, 1.0, 0.0015083513262695615, 0.0012961657637784762, 0.001068717726402337, 0.001105635612769778, 0.000970616206952121, 0.0007076256899129877, 0.0009884449302016403, 0.0009881363966654966, 0.0012432006355549774, 0.0007566341263324488, 0.000600682497339481, 0.0008439319187746354, 0.001137932711816082, 0.0007839003745637985, 0.0007452341005337596, 0.000559710943613873, 0.0007016822940305007, 0.0005264562448262047, 0.000660293720354896, 0.00070327148052167, 0.000454163811682022, 0.0006290553792074449, 0.0003525926566403208, 0.0003813843038666979, 0.00039138771882839653, 0.00046987267160743886, 0.0003327149609097269, 0.0004364171127324445, 0.00034706218699982256, 0.0004746386875087102, 0.0003004606194603395, 0.0006185865230883737], "components_with_nonzero_response": 33, "l2_norm": 1.0000098753391937, "layers_with_nonzero_response": 17, "nonzero_scalar_count": 253569}, {"artifact": {"byte_count": 16699843, "file_sha256": "afda21f9b2df397c0fc35ef85bf999725248320afdb634190fd7078d1ae6e562", "path": "evidence/kv_causal_response_structure/response_06_final.pt"}, "complete_response_sha256": "3c81cefc734c406d4ddd0808bd03f2171aa7bc6fad92e3ff1f5d2b5f51d67998", "component_energy_profile": [0.0, 0.0, 0.0, 0.0, 0.0, 0.0, 0.0, 0.0, 0.0, 0.0, 0.0, 0.0, 0.0, 0.0, 0.0, 0.0, 0.0, 0.0, 0.0, 0.0, 0.0, 0.0, 0.0, 0.0, 0.0, 0.0, 0.0, 0.0, 0.0, 0.0, 0.0, 0.0, 1.0, 0.0, 5.809149037218613e-05, 5.3875558670474826e-05, 8.848555682176886e-05, 4.890917998466953e-05, 5.2146551175750655e-05, 5.9539160400440794e-05, 8.09297229958319e-05, 6.916340875645002e-05, 6.423608597154458e-05, 5.2819738790874963e-05, 6.208183696386303e-05, 5.6027935753023574e-05, 6.738723245480466e-05, 7.211713242637675e-05, 5.869517497904486e-05, 7.967044307945374e-05, 5.651892567213626e-05, 6.120499678940882e-05, 5.681395378689822e-05, 7.25360690254524e-05, 5.6011568046242866e-05, 6.993740038117555e-05, 5.50653959143291e-05, 8.225896281594657e-05, 5.5373602934574114e-05, 0.0001071767282683135], "components_with_nonzero_response": 27, "l2_norm": 1.000000057675189, "layers_with_nonzero_response": 14, "nonzero_scalar_count": 194221}, {"artifact": {"byte_count": 16699843, "file_sha256": "2563da578dd2a7e7233e314c9cc9ce614cc948d78dd53e0f8d8b619a9976b3f6", "path": "evidence/kv_causal_response_structure/response_07_final.pt"}, "complete_response_sha256": "70d895d123652c964f25677278f750b1bac0f923d4d51dd8c575303fa3b9fc3c", "component_energy_profile": [0.0, 0.0, 0.0, 0.0, 0.0, 0.0, 0.0, 0.0, 0.0, 0.0, 0.0, 0.0, 0.0, 0.0, 0.0, 0.0, 0.0, 0.0, 0.0, 0.0, 0.0, 0.0, 0.0, 0.0, 0.0, 0.0, 0.0, 0.0, 0.0, 0.0, 0.0, 0.0, 0.0, 0.0, 0.0, 0.0, 0.0, 1.0, 0.00016910086233310636, 0.00029572997183587046, 0.0002968493029493501, 0.0002825883582325995, 0.000314708644658778, 0.00022024522922234495, 0.00028106381220170413, 0.0002082370401224256, 0.000273342498198099, 0.00018989861529898825, 0.00019093153615655227, 0.00020194029277577195, 0.0001417851735684222, 0.00016196275222576676, 0.00015585314237668074, 0.0001824888137828112, 0.0001489266152902537, 0.00018993380760222884, 0.00014244429349238714, 0.0001978745139666457, 0.0001360403933706684, 0.0002628210818192529], "components_with_nonzero_response": 23, "l2_norm": 1.000000525578014, "layers_with_nonzero_response": 12, "nonzero_scalar_count": 172094}, {"artifact": {"byte_count": 16699843, "file_sha256": "a34dc79eb30328d080e4aae84c5c85c17e9711ca6e40a45fa5a94f4184c23b84", "path": "evidence/kv_causal_response_structure/response_08_final.pt"}, "complete_response_sha256": "f37d0f89eb097387875d19816c8f6afbc9f16e02cef4f04ff1677169f30b03d4", "component_energy_profile": [0.0, 0.0, 0.0, 0.0, 0.0, 0.0, 0.0, 0.0, 0.0, 0.0, 0.0, 0.0, 0.0, 0.0, 0.0, 0.0, 0.0, 0.0, 0.0, 0.0, 0.0, 0.0, 0.0, 0.0, 0.0, 0.0, 0.0, 0.0, 0.0, 0.0, 0.0, 0.0, 0.0, 0.0, 0.0, 0.0, 0.0, 0.0, 0.0, 0.0, 0.0, 0.0, 1.0, 0.0, 0.0018025474396151746, 0.0019347951989856914, 0.0017215737148169505, 0.0017271437391764817, 0.0013025836659108464, 0.0018604316770472176, 0.0013125140289721852, 0.001656509599537353, 0.0012753246439078448, 0.0019485236920096618, 0.0013024372615373753, 0.0021788903891496775, 0.0013266909889811422, 0.0024083754997059137, 0.0013000762087141617, 0.0034807006112540194], "components_with_nonzero_response": 17, "l2_norm": 1.000027898140218, "layers_with_nonzero_response": 9, "nonzero_scalar_count": 128017}, {"artifact": {"byte_count": 16699843, "file_sha256": "3a71ded9a5cb3d790ae7d889f17b3934b5ba9938f2841e651f9c349417e6ef70", "path": "evidence/kv_causal_response_structure/response_09_final.pt"}, "complete_response_sha256": "d2446d5adc640672170390232d10e2f10f1689799dcc82dea4ef185f9148a9b3", "component_energy_profile": [0.0, 0.0, 0.0, 0.0, 0.0, 0.0, 0.0, 0.0, 0.0, 0.0, 0.0, 0.0, 0.0, 0.0, 0.0, 0.0, 0.0, 0.0, 0.0, 0.0, 0.0, 0.0, 0.0, 0.0, 0.0, 0.0, 0.0, 0.0, 0.0, 0.0, 0.0, 0.0, 0.0, 0.0, 0.0, 0.0, 0.0, 0.0, 0.0, 0.0, 0.0, 0.0, 0.0, 0.0, 0.0, 0.0, 0.0, 1.0, 0.0007111225826869637, 0.0020314606560259377, 0.0008254570419590226, 0.0013121311138538417, 0.0006768639903215315, 0.0015389412940702203, 0.0007986905078449904, 0.001584782394569902, 0.0007611105601845816, 0.0018348523151282329, 0.0009967169854084464, 0.004372354369037899], "components_with_nonzero_response": 13, "l2_norm": 1.0000185340391579, "layers_with_nonzero_response": 7, "nonzero_scalar_count": 95342}, {"artifact": {"byte_count": 16699843, "file_sha256": "69bc02907f8f37b944324fb688cfae41dccacc56d89120e76ec374a6083eebf1", "path": "evidence/kv_causal_response_structure/response_10_final.pt"}, "complete_response_sha256": "061068689f2cdf632bc06ef77fb04935f23c5440aebc64aae39c92a8146ea85f", "component_energy_profile": [0.0, 0.0, 0.0, 0.0, 0.0, 0.0, 0.0, 0.0, 0.0, 0.0, 0.0, 0.0, 0.0, 0.0, 0.0, 0.0, 0.0, 0.0, 0.0, 0.0, 0.0, 0.0, 0.0, 0.0, 0.0, 0.0, 0.0, 0.0, 0.0, 0.0, 0.0, 0.0, 0.0, 0.0, 0.0, 0.0, 0.0, 0.0, 0.0, 0.0, 0.0, 0.0, 0.0, 0.0, 0.0, 0.0, 0.0, 0.0, 0.0, 0.0, 0.0, 0.0, 0.9999998807907104, 0.0, 6.782181734579577e-05, 9.762339220576346e-05, 6.488560640243579e-05, 0.0001280890171512283, 6.548839327504536e-05, 0.00012277219135283367], "components_with_nonzero_response": 7, "l2_norm": 0.9999999078451156, "layers_with_nonzero_response": 4, "nonzero_scalar_count": 44283}, {"artifact": {"byte_count": 16699843, "file_sha256": "24265765acefabd79ad3029c99dbcfc03afe98a90f4a1a0f499a2ee7a8124329", "path": "evidence/kv_causal_response_structure/response_11_final.pt"}, "complete_response_sha256": "f0532dbb932d14dacbea3685c6b07cb9b62bb1c408e8451e1920739603e5d35a", "component_energy_profile": [0.0, 0.0, 0.0, 0.0, 0.0, 0.0, 0.0, 0.0, 0.0, 0.0, 0.0, 0.0, 0.0, 0.0, 0.0, 0.0, 0.0, 0.0, 0.0, 0.0, 0.0, 0.0, 0.0, 0.0, 0.0, 0.0, 0.0, 0.0, 0.0, 0.0, 0.0, 0.0, 0.0, 0.0, 0.0, 0.0, 0.0, 0.0, 0.0, 0.0, 0.0, 0.0, 0.0, 0.0, 0.0, 0.0, 0.0, 0.0, 0.0, 0.0, 0.0, 0.0, 0.0, 0.0, 0.0, 0.0, 0.0, 1.0, 0.0007004578187136161, 0.00128937072837888], "components_with_nonzero_response": 3, "l2_norm": 1.000001076558436, "layers_with_nonzero_response": 2, "nonzero_scalar_count": 15627}]

FIRST_FORWARD_RESPONSES:
[{"artifact": {"byte_count": 15963155, "file_sha256": "d696506869ea5f32a35a277dbf909cf664e0638914060a9da251db2b2df5ee48", "path": "evidence/kv_causal_response_structure/response_00_first_forward.pt"}, "complete_response_sha256": "591df55fffbfe47b086bfdf9b1e968e49b02ec126093f9422de34d0a43ff8bbb", "component_energy_profile": [0.0, 0.0, 1.0, 0.0, 0.0014316981558388942, 0.0005549104032678243, 0.001324443596502815, 0.000813730828149698, 0.0013256446699958992, 0.0007948313850053084, 0.0012296489878398553, 0.0007631069726490437, 0.0013117584276133157, 0.0007360822439088275, 0.0012748789276803166, 0.0009015440424956533, 0.0011993326482427934, 0.0007609935117358762, 0.0008354751876962066, 0.0005508379100145353, 0.0007220873862910265, 0.0004897565077523402, 0.0005998806429995215, 0.00046483186154906345, 0.0006110111681219622, 0.0004930158636204109, 0.0005625734193423896, 0.00039514651161185333, 0.0007300618716167507, 0.0006377024917626225, 0.0006836187707033601, 0.0005371312499691659, 0.0005662643804765217, 0.00044800382833794813, 0.0008733228834141193, 0.0007129005084192275, 0.001207678621552226, 0.0006590431835532835, 0.00045653346759843416, 0.0006343255693544542, 0.0007955843862241681, 0.0007120281783653653, 0.0004771276183670109, 0.0004873703609961122, 0.0004656756210982553, 0.0004956654628001641, 0.0004975885279600669, 0.0010700115543144657, 0.00039999681745080725, 0.000980575478557305, 0.0003098884890008166, 0.0004231779284345758, 0.0003142976387162633, 0.0004972231432374638, 0.0002935739333323694, 0.00038481130475758786, 0.00029238036410350393, 0.00048423872184753396, 0.00026594672726180376, 0.0005987551448733618], "components_with_nonzero_response": 57, "l2_norm": 1.0000157903532514, "layers_with_nonzero_response": 29, "nonzero_scalar_count": 277354}, {"artifact": {"byte_count": 15963155, "file_sha256": "3c2d3fb727e5c68e8b65b3e53ee1c21a6269e86af08dc2cd27574a00a4c8378f", "path": "evidence/kv_causal_response_structure/response_01_first_forward.pt"}, "complete_response_sha256": "f4a95c3f1b69b5073c0486d0ace4f19d4a7d32e2bdcb0d262d37dc6669ace759", "component_energy_profile": [0.0, 0.0, 0.0, 0.0, 0.0, 0.0, 0.0, 1.0, 0.001654307655763044, 0.0009047029284601748, 0.0014623251217921447, 0.0009600607036403487, 0.001359375875390329, 0.0008250491089578338, 0.0011656000388322368, 0.0010058621697230019, 0.0011015812182621537, 0.0007505948520818155, 0.0008760745696796123, 0.0005762250709999086, 0.0007686746030891613, 0.000475154227002355, 0.0006868099791041461, 0.0004675549440578571, 0.0007423529082004679, 0.0005246846516531975, 0.0007323242324228428, 0.00044549469462968054, 0.0009082886979336892, 0.0007554434639882723, 0.0008376767871131397, 0.0006315623363635086, 0.0006126232329393874, 0.00046273157848375615, 0.0008585672975646952, 0.0007282668782441007, 0.0013490651550740489, 0.0006222510409992003, 0.0004582077938219702, 0.0006728809458948533, 0.0007461732066610589, 0.0006961039122826034, 0.00046625110787470715, 0.0005475515424364594, 0.0004358079140962804, 0.0005482084346924884, 0.0004713155096326591, 0.001257688639159926, 0.0004036758958948497, 0.0011231025521850817, 0.0003525905406438317, 0.0005014968624582641, 0.00035804414620353985, 0.0006144093728469241, 0.0003157955035080236, 0.0004838072198301415, 0.00034922128710892586, 0.0006458664534991223, 0.00030793085972882116, 0.0007827338678980415], "components_with_nonzero_response": 53, "l2_norm": 1.0000162103977897, "layers_with_nonzero_response": 27, "nonzero_scalar_count": 257946}, {"artifact": {"byte_count": 15963155, "file_sha256": "42ff375b892e71582271f975de3ee18e4d2ff56707a8ef7082166a080ec23aff", "path": "evidence/kv_causal_response_structure/response_02_first_forward.pt"}, "complete_response_sha256": "7b06ff01ed4ea06aa9f90e6673c72dbfecb07cbccff3f6eb4d5c4d10ffd1c4e6", "component_energy_profile": [0.0, 0.0, 0.0, 0.0, 0.0, 0.0, 0.0, 0.0, 0.0, 0.0, 0.0, 0.0, 1.0, 0.0, 0.0006262351000280752, 0.0005438225319357126, 0.0006025437918018022, 0.0004966986395204754, 0.0005081675047098865, 0.0003659448607605418, 0.0004458749106890929, 0.00026078366989977324, 0.00038214814650553417, 0.0002753623620182769, 0.0003656179564490307, 0.00028343912955613597, 0.0003586925864559341, 0.00023112610646081004, 0.00043365086193698326, 0.0003473743395842568, 0.0004208291664995577, 0.00031452091227629806, 0.0003060318097959161, 0.00023626822589752932, 0.00041862526967192704, 0.0003370115579391318, 0.0005865041407267037, 0.0002990988597889856, 0.00021880269959025485, 0.00031212370239919277, 0.00035536395721059733, 0.0003154890021206679, 0.0002531989287301856, 0.00026246647945541064, 0.00024304604343121608, 0.0002802066031536802, 0.00025724978347900127, 0.0005285406897526575, 0.0002019669374387976, 0.00045678573729575, 0.00016574052233378746, 0.00022310849802160612, 0.00016219995382177536, 0.0002578994727615254, 0.000147519388372157, 0.00021017468507952177, 0.00015273375363712168, 0.0002676168348066412, 0.00013979304974438017, 0.0003180342278663206], "components_with_nonzero_response": 47, "l2_norm": 1.00000285969807, "layers_with_nonzero_response": 24, "nonzero_scalar_count": 225824}, {"artifact": {"byte_count": 15963155, "file_sha256": "3337bb37c39738913bc7987dfa71b38c6b6b2d6672a9a7f3b0a8f0ff1c20ec8d", "path": "evidence/kv_causal_response_structure/response_03_first_forward.pt"}, "complete_response_sha256": "b4ef5689457c623e78904ead66917b1e5e6bc0089d64a5563090960798fed8dc", "component_energy_profile": [0.0, 0.0, 0.0, 0.0, 0.0, 0.0, 0.0, 0.0, 0.0, 0.0, 0.0, 0.0, 0.0, 0.0, 0.0, 0.0, 0.0, 1.0, 0.00026194634853044473, 0.00018737365806648155, 0.00024362076937301064, 0.00017249870229070423, 0.0002125191261260268, 0.0001586454143506642, 0.0002372915865751268, 0.00017207641528210418, 0.00021736130511155273, 0.00014292846096472438, 0.0002779458003654579, 0.00021693738530737222, 0.00024495995289618215, 0.00019765368295147543, 0.00019251936415868768, 0.00014299492587806277, 0.00026692407912322206, 0.00021920660456907755, 0.00037692092861434204, 0.00019252390352561885, 0.00014302993028116908, 0.00020072727167121847, 0.0002784876832568463, 0.00021413577388355423, 0.00016827635293796162, 0.00016448540200476175, 0.00015879923365597293, 0.00015938028472370496, 0.00017454604892264803, 0.0003159487296363989, 0.00013819981097636962, 0.0002859232622810069, 0.00011243940324410788, 0.00013615306467093348, 0.00011396235915166112, 0.00016444607887536753, 9.989201544164007e-05, 0.00013535672485495237, 0.0001109262017226846, 0.00016338611788938723, 9.883796937788465e-05, 0.00020439234799552334], "components_with_nonzero_response": 43, "l2_norm": 1.0000008537180871, "layers_with_nonzero_response": 22, "nonzero_scalar_count": 204328}, {"artifact": {"byte_count": 15963155, "file_sha256": "ef8b8a864027e7a9d8c2f088924d74e5931b518f1a2cc44754e21e02dd19168e", "path": "evidence/kv_causal_response_structure/response_04_first_forward.pt"}, "complete_response_sha256": "cd191ad567825837bb36ba18a0f0661aa25cd582ad84fd4ddff028ef4ee09750", "component_energy_profile": [0.0, 0.0, 0.0, 0.0, 0.0, 0.0, 0.0, 0.0, 0.0, 0.0, 0.0, 0.0, 0.0, 0.0, 0.0, 0.0, 0.0, 0.0, 0.0, 0.0, 0.0, 0.0, 1.0, 0.0, 0.0005378232287389603, 0.00045963692787556493, 0.0004953277212711519, 0.0003545838589379124, 0.0007027845863482274, 0.0004896708550701052, 0.000577403451279043, 0.0004240976698766971, 0.00040716092722781444, 0.00035888113670029125, 0.000846729167761612, 0.0004949772212719961, 0.00112590736510955, 0.0004324116426830022, 0.00032991578950305924, 0.0004410205714198477, 0.0005722574970817277, 0.0005038492236713108, 0.00034382478512888216, 0.0003751164966269624, 0.00034365210967177444, 0.00039802173157375804, 0.0003718596200644643, 0.0007490108193314119, 0.000321634208301374, 0.0007153006236458851, 0.00024060541224136191, 0.00029230776284368574, 0.00024108492923064737, 0.00037036712869108673, 0.00021259735517829321, 0.00028956055263694994, 0.00022055983424247239, 0.0003722585242532156, 0.00019498550241663047, 0.0004392669675237211], "components_with_nonzero_response": 37, "l2_norm": 1.000004225048089, "layers_with_nonzero_response": 19, "nonzero_scalar_count": 177541}, {"artifact": {"byte_count": 15963155, "file_sha256": "d63651617d8e6bc376c293cdb15c02d7b65678feccc5359c8a67b7880d3e7bc8", "path": "evidence/kv_causal_response_structure/response_05_first_forward.pt"}, "complete_response_sha256": "b5541f4b51c45ea7350ea6fe93e78b87370b580a64125fc50f5de2886adbc936", "component_energy_profile": [0.0, 0.0, 0.0, 0.0, 0.0, 0.0, 0.0, 0.0, 0.0, 0.0, 0.0, 0.0, 0.0, 0.0, 0.0, 0.0, 0.0, 0.0, 0.0, 0.0, 0.0, 0.0, 0.0, 0.0, 0.0, 0.0, 0.0, 1.0, 0.001507579649751898, 0.0012955453680569755, 0.0010278844857424694, 0.0010581678299702334, 0.0008964620627679066, 0.0006550233318656716, 0.0009045670596806767, 0.0009055858302726301, 0.0010685950922499, 0.000693597677594475, 0.0005465445463749261, 0.0007732807326448769, 0.0010711413086856767, 0.0007309261138881207, 0.0006771885497527972, 0.0005233018694830172, 0.000624818796670874, 0.0004940080547134869, 0.0005897154866258256, 0.0006682308846451948, 0.00041477781987791373, 0.0005927855676203897, 0.000320394545015211, 0.0003577034828767515, 0.00035092538130277183, 0.0004417939452622939, 0.00029228123413124356, 0.0004038756758346602, 0.0003034917464254116, 0.0004397265475804336, 0.0002630425238060752, 0.0005673351853822865], "components_with_nonzero_response": 33, "l2_norm": 1.0000086791527678, "layers_with_nonzero_response": 17, "nonzero_scalar_count": 157361}, {"artifact": {"byte_count": 15963155, "file_sha256": "6e5b34a2a75ee3eb17003e262d3833cd1e74ff509c14e1adcd4e1d34bd01678f", "path": "evidence/kv_causal_response_structure/response_06_first_forward.pt"}, "complete_response_sha256": "3eac7f0843ff67e6fd3d93cf4a7d14bc31d5fa5d400c7b0dadb24a0003548e86", "component_energy_profile": [0.0, 0.0, 0.0, 0.0, 0.0, 0.0, 0.0, 0.0, 0.0, 0.0, 0.0, 0.0, 0.0, 0.0, 0.0, 0.0, 0.0, 0.0, 0.0, 0.0, 0.0, 0.0, 0.0, 0.0, 0.0, 0.0, 0.0, 0.0, 0.0, 0.0, 0.0, 0.0, 1.0, 0.0, 4.705375681630344e-05, 4.5532474626001875e-05, 7.338185393021409e-05, 3.906837347709604e-05, 4.1973455909703096e-05, 4.9266375752704476e-05, 6.419239874393679e-05, 5.7522066421795455e-05, 5.1782007788482593e-05, 4.3151134508698214e-05, 5.1573781168715253e-05, 4.535167112656233e-05, 5.464357756566819e-05, 5.867307639762361e-05, 4.6793310140401734e-05, 6.516961064001147e-05, 4.596913608275402e-05, 4.948116186752567e-05, 4.5476668700742893e-05, 5.8270040852474916e-05, 4.544533010853533e-05, 5.6622891917651045e-05, 4.53266748410372e-05, 6.703935547157758e-05, 4.4998927665339583e-05, 8.861173653935327e-05], "components_with_nonzero_response": 27, "l2_norm": 1.000000038332145, "layers_with_nonzero_response": 14, "nonzero_scalar_count": 120353}, {"artifact": {"byte_count": 15963155, "file_sha256": "277a1029e00c6b606abf9994f849fba027f7fcc3d2e119337c1383266dc3d274", "path": "evidence/kv_causal_response_structure/response_07_first_forward.pt"}, "complete_response_sha256": "9580bcb58e83b3bb738270b02e02bfb53b54597faab7e59c610d0ddccfb7c906", "component_energy_profile": [0.0, 0.0, 0.0, 0.0, 0.0, 0.0, 0.0, 0.0, 0.0, 0.0, 0.0, 0.0, 0.0, 0.0, 0.0, 0.0, 0.0, 0.0, 0.0, 0.0, 0.0, 0.0, 0.0, 0.0, 0.0, 0.0, 0.0, 0.0, 0.0, 0.0, 0.0, 0.0, 0.0, 0.0, 0.0, 0.0, 0.0, 1.0, 0.00015993846431843641, 0.0002825208687354942, 0.00027200288624154947, 0.0002628698839440415, 0.000292869317604004, 0.00020645951587319872, 0.00025648294943229053, 0.00019568313682395314, 0.00024808977225325093, 0.000174522085649898, 0.00017304487213152227, 0.00018589075411707868, 0.00012848315269067557, 0.00014999863353646966, 0.00014123938727921023, 0.00016813004209198656, 0.0001357428626065396, 0.00017451374319907992, 0.00012929719077454677, 0.00017973093961773, 0.0001225710373644385, 0.00023591780241367794], "components_with_nonzero_response": 23, "l2_norm": 1.0000004466354284, "layers_with_nonzero_response": 12, "nonzero_scalar_count": 107056}, {"artifact": {"byte_count": 15963155, "file_sha256": "209e6945f45a5f914590b8c9adeff27d5a1100b6dde9c269513d19d21b034cfe", "path": "evidence/kv_causal_response_structure/response_08_first_forward.pt"}, "complete_response_sha256": "254d990bacce74df3055625ba007719431c6de773bf6bdf4eca8eede8f1e0a86", "component_energy_profile": [0.0, 0.0, 0.0, 0.0, 0.0, 0.0, 0.0, 0.0, 0.0, 0.0, 0.0, 0.0, 0.0, 0.0, 0.0, 0.0, 0.0, 0.0, 0.0, 0.0, 0.0, 0.0, 0.0, 0.0, 0.0, 0.0, 0.0, 0.0, 0.0, 0.0, 0.0, 0.0, 0.0, 0.0, 0.0, 0.0, 0.0, 0.0, 0.0, 0.0, 0.0, 0.0, 1.0, 0.0, 0.0016881091192601722, 0.0018141888265225002, 0.0016100352940320909, 0.001628630485222209, 0.0012110093915125011, 0.0017675155743547093, 0.0012500668797839653, 0.001580518906368713, 0.0012030413276884434, 0.0018654061995994292, 0.0012411337068520287, 0.002081978686980924, 0.0012666364125496754, 0.0023047352288570974, 0.0012405590724534836, 0.003341590633185283], "components_with_nonzero_response": 17, "l2_norm": 1.000025229927014, "layers_with_nonzero_response": 9, "nonzero_scalar_count": 79333}, {"artifact": {"byte_count": 15963155, "file_sha256": "6019a8cdc6b53f2ec7e972086297000cf76bfebab1c16ce9465e14e0abeaf470", "path": "evidence/kv_causal_response_structure/response_09_first_forward.pt"}, "complete_response_sha256": "40ff2f7775c4291a4c1a7dca7b8d3523f19d150d81e4f2752db961b31b239aa0", "component_energy_profile": [0.0, 0.0, 0.0, 0.0, 0.0, 0.0, 0.0, 0.0, 0.0, 0.0, 0.0, 0.0, 0.0, 0.0, 0.0, 0.0, 0.0, 0.0, 0.0, 0.0, 0.0, 0.0, 0.0, 0.0, 0.0, 0.0, 0.0, 0.0, 0.0, 0.0, 0.0, 0.0, 0.0, 0.0, 0.0, 0.0, 0.0, 0.0, 0.0, 0.0, 0.0, 0.0, 0.0, 0.0, 0.0, 0.0, 0.0, 1.0, 0.000676375064523541, 0.0019340192103253695, 0.0007941630899614411, 0.0012585691541249155, 0.0006501042999286225, 0.001479343911716866, 0.0007695828889751871, 0.0015203242469588587, 0.000734905648231058, 0.0017759623157025618, 0.000966242057643232, 0.004221551081393928], "components_with_nonzero_response": 13, "l2_norm": 1.0000171881463924, "layers_with_nonzero_response": 7, "nonzero_scalar_count": 59080}, {"artifact": {"byte_count": 15963155, "file_sha256": "cd7156d042d6c2e1530852be5d0e1a2ed9e06d4ae1f96b8ea9d7c3891cb75744", "path": "evidence/kv_causal_response_structure/response_10_first_forward.pt"}, "complete_response_sha256": "1ad1151c6de5bba46a74fb6702d44ee2c63445f6c8de5bff277ecd08d8d786a4", "component_energy_profile": [0.0, 0.0, 0.0, 0.0, 0.0, 0.0, 0.0, 0.0, 0.0, 0.0, 0.0, 0.0, 0.0, 0.0, 0.0, 0.0, 0.0, 0.0, 0.0, 0.0, 0.0, 0.0, 0.0, 0.0, 0.0, 0.0, 0.0, 0.0, 0.0, 0.0, 0.0, 0.0, 0.0, 0.0, 0.0, 0.0, 0.0, 0.0, 0.0, 0.0, 0.0, 0.0, 0.0, 0.0, 0.0, 0.0, 0.0, 0.0, 0.0, 0.0, 0.0, 0.0, 0.9999998807907104, 0.0, 6.253183529245691e-05, 9.26053255236042e-05, 5.9932300023505275e-05, 0.00012085934158756322, 5.869950204094259e-05, 0.00011498211775728529], "components_with_nonzero_response": 7, "l2_norm": 0.9999999044663913, "layers_with_nonzero_response": 4, "nonzero_scalar_count": 27667}, {"artifact": {"byte_count": 15963155, "file_sha256": "a93f1826f0af5e716e4c73cac2463b08cb3452b414a82363fe59b0890dcaf37c", "path": "evidence/kv_causal_response_structure/response_11_first_forward.pt"}, "complete_response_sha256": "ce3475b9fdd1d8d3742fa259164271ac070cbfcbf862079f0559e4d635d7c917", "component_energy_profile": [0.0, 0.0, 0.0, 0.0, 0.0, 0.0, 0.0, 0.0, 0.0, 0.0, 0.0, 0.0, 0.0, 0.0, 0.0, 0.0, 0.0, 0.0, 0.0, 0.0, 0.0, 0.0, 0.0, 0.0, 0.0, 0.0, 0.0, 0.0, 0.0, 0.0, 0.0, 0.0, 0.0, 0.0, 0.0, 0.0, 0.0, 0.0, 0.0, 0.0, 0.0, 0.0, 0.0, 0.0, 0.0, 0.0, 0.0, 0.0, 0.0, 0.0, 0.0, 0.0, 0.0, 0.0, 0.0, 0.0, 0.0, 1.0, 0.0005276475766980663, 0.0009811070510830518], "components_with_nonzero_response": 3, "l2_norm": 1.000000620491313, "layers_with_nonzero_response": 2, "nonzero_scalar_count": 9663}]

PAIRWISE_FULL_RESPONSE_RELATION_MATRIX:
{"exact_equality": [[true, false, false, false, false, false, false, false, false, false, false, false], [false, true, false, false, false, false, false, false, false, false, false, false], [false, false, true, false, false, false, false, false, false, false, false, false], [false, false, false, true, false, false, false, false, false, false, false, false], [false, false, false, false, true, false, false, false, false, false, false, false], [false, false, false, false, false, true, false, false, false, false, false, false], [false, false, false, false, false, false, true, false, false, false, false, false], [false, false, false, false, false, false, false, true, false, false, false, false], [false, false, false, false, false, false, false, false, true, false, false, false], [false, false, false, false, false, false, false, false, false, true, false, false], [false, false, false, false, false, false, false, false, false, false, true, false], [false, false, false, false, false, false, false, false, false, false, false, true]], "full_response_cosine_similarity": [[1.0000000000000002, 1.6252406739228265e-06, 2.2693101358662366e-07, -1.3632016770328177e-08, -2.087233752411355e-06, -3.8522141481136455e-07, 1.0872299529679027e-07, 1.3130968486721644e-07, -1.3060788110967398e-07, -4.008382507670168e-08, 7.055341616912305e-09, 4.119577409659908e-08], [1.6252406739228265e-06, 1.0, 9.99709447846072e-07, -4.420609826504671e-08, 6.08743977439885e-07, 1.2082485639463825e-06, 2.1268882875689712e-08, -1.4493603444414012e-07, 3.7530859353601174e-07, 1.720729392087336e-07, 7.346794929396127e-09, 1.0769535006643114e-08], [2.2693101358662366e-07, 9.99709447846072e-07, 0.9999999999999998, 3.519472759341965e-07, 1.7394827109272194e-07, 5.995686474122236e-07, 4.467151954169992e-08, 6.084752199149117e-08, -1.834684386421658e-07, 4.13272820098118e-08, 6.342432248298935e-09, 2.9027102491243812e-09], [-1.3632016770328177e-08, -4.420609826504671e-08, 3.519472759341965e-07, 1.0, 3.8202607498186967e-07, 7.654146302922703e-07, 5.3460577750506905e-08, 5.3368904205904275e-08, -1.5885477407372713e-07, 6.862816651884158e-08, 6.906803901483223e-09, -2.8607947506663126e-10], [-2.087233752411355e-06, 6.08743977439885e-07, 1.7394827109272194e-07, 3.8202607498186967e-07, 0.9999999999999998, 1.4641880184561063e-06, 1.6771389615348158e-08, 5.870737940112636e-08, -1.3316154034459954e-07, 1.8719537477127634e-07, 8.748736084153762e-09, -2.0759909434200943e-08], [-3.8522141481136455e-07, 1.2082485639463825e-06, 5.995686474122236e-07, 7.654146302922703e-07, 1.4641880184561063e-06, 1.0, -1.2698282933655967e-08, 1.3583730893828188e-07, -5.17366827608551e-07, 1.6188199508395706e-08, 3.6004628438202237e-09, -1.2847001062753544e-08], [1.0872299529679027e-07, 2.1268882875689712e-08, 4.467151954169992e-08, 5.3460577750506905e-08, 1.6771389615348158e-08, -1.2698282933655967e-08, 1.0, 4.042973676062027e-08, 2.447752313085356e-08, 3.529220433917905e-08, 5.9043789439183145e-09, 3.4092371226334594e-09], [1.3130968486721644e-07, -1.4493603444414012e-07, 6.084752199149117e-08, 5.3368904205904275e-08, 5.870737940112636e-08, 1.3583730893828188e-07, 4.042973676062027e-08, 1.0000000000000002, -1.783326102033281e-07, 1.1049278709700346e-07, 5.552891196630702e-09, 3.2940247556367996e-09], [-1.3060788110967398e-07, 3.7530859353601174e-07, -1.834684386421658e-07, -1.5885477407372713e-07, -1.3316154034459954e-07, -5.17366827608551e-07, 2.447752313085356e-08, -1.783326102033281e-07, 0.9999999999999998, -7.824550968074116e-07, 9.744569230995196e-09, 4.283469271982422e-08], [-4.008382507670168e-08, 1.720729392087336e-07, 4.13272820098118e-08, 6.862816651884158e-08, 1.8719537477127634e-07, 1.6188199508395706e-08, 3.529220433917905e-08, 1.1049278709700346e-07, -7.824550968074116e-07, 1.0000000000000002, -1.7879462822583843e-08, 1.1180697048697384e-08], [7.055341616912305e-09, 7.346794929396127e-09, 6.342432248298935e-09, 6.906803901483223e-09, 8.748736084153762e-09, 3.6004628438202237e-09, 5.9043789439183145e-09, 5.552891196630702e-09, 9.744569230995196e-09, -1.7879462822583843e-08, 1.0, 3.178607277970258e-09], [4.119577409659908e-08, 1.0769535006643114e-08, 2.9027102491243812e-09, -2.8607947506663126e-10, -2.0759909434200943e-08, -1.2847001062753544e-08, 3.4092371226334594e-09, 3.2940247556367996e-09, 4.283469271982422e-08, 1.1180697048697384e-08, 3.178607277970258e-09, 1.0]], "full_response_euclidean_separation": [[0.0, 1.4142485770099547, 1.4142364542302412, 1.4142347313453207, 1.414239508184191, 1.4142411472139378, 1.4142338558819127, 1.4142341707630113, 1.414253711154331, 1.4142470257411763, 1.4142338218285009, 1.4142346240806447], [1.4142485770099547, 0.0, 1.4142314126947042, 1.4142302578668304, 1.4142331067218126, 1.4142355253629362, 1.4142294226218874, 1.4142298710014547, 1.4142488583702588, 1.4142423806616882, 1.4142293265217267, 1.4142301504975172], [1.4142364542302412, 1.4142314126947042, 0.0, 1.4142168660011056, 1.4142203024630695, 1.4142228440907783, 1.414216294324545, 1.414216613743022, 1.4142361419272673, 1.4142293614868366, 1.4142162154816995, 1.41421704431768], [1.4142347313453207, 1.4142302578668304, 1.4142168660011056, 0.0, 1.4142182623163606, 1.4142208338105338, 1.4142143950911825, 1.4142147260131117, 1.414234231530107, 1.4142274491809348, 1.4142143220638952, 1.4142151535548673], [1.414239508184191, 1.4142331067218126, 1.4142203024630695, 1.4142182623163606, 0.0, 1.414223650285347, 1.414217731638239, 1.414218032841258, 1.4142375239200142, 1.4142306759134264, 1.414217631365579, 1.4142184786343088], [1.4142411472139378, 1.4142355253629362, 1.4142228440907783, 1.4142208338105338, 1.414223650285347, 0.0, 1.4142205950710487, 1.4142208208956517, 1.4142406381544097, 1.4142336394034818, 1.4142204776007008, 1.414221315632113], [1.4142338558819127, 1.4142294226218874, 1.414216294324545, 1.4142143950911825, 1.414217731638239, 1.4142205950710487, 0.0, 1.4142139462072787, 1.4142333129482945, 1.4142266838051414, 1.4142135338172461, 1.4142143619868703], [1.4142341707630113, 1.4142298710014547, 1.414216613743022, 1.4142147260131117, 1.414218032841258, 1.4142208208956517, 1.4142139462072787, 0.0, 1.4142337872114374, 1.4142269614840275, 1.4142138649231089, 1.4142146929254678], [1.414253711154331, 1.4142488583702588, 1.4142361419272673, 1.414234231530107, 1.4142375239200142, 1.4142406381544097, 1.4142333129482945, 1.4142337872114374, 0.0, 1.4142469481895394, 1.41423321742183, 1.4142340204170258], [1.4142470257411763, 1.4142423806616882, 1.4142293614868366, 1.4142274491809348, 1.4142306759134264, 1.4142336394034818, 1.4142266838051414, 1.4142269614840275, 1.4142469481895394, 0.0, 1.414226615458658, 1.4142274213074872], [1.4142338218285009, 1.4142293265217267, 1.4142162154816995, 1.4142143220638952, 1.414217631365579, 1.4142204776007008, 1.4142135338172461, 1.4142138649231089, 1.41423321742183, 1.414226615458658, 0.0, 1.414214256204147], [1.4142346240806447, 1.4142301504975172, 1.41421704431768, 1.4142151535548673, 1.4142184786343088, 1.414221315632113, 1.4142143619868703, 1.4142146929254678, 1.4142340204170258, 1.4142274213074872, 1.414214256204147, 0.0]]}

PAIRWISE_COMPONENT_PROFILE_MATRIX:
[[1.0000000000000002, 0.0010585712015289054, 0.0017442409370514776, 0.000986430386872942, 0.0008340715836173175, 0.0005599677605560047, 0.000906810520358186, 0.0009591906522507873, 0.0007663322355517299, 0.0013744227477666647, 0.0004921371382319698, 0.0006304038724835487], [0.0010585712015289054, 1.0, 0.0016297136963497737, 0.0008992565053891592, 0.0008194313411470877, 0.0005302788908632682, 0.0006995753981807231, 0.0007279440869787042, 0.0005677185472249593, 0.0014762742338572412, 0.00041939432078785837, 0.0007607925619825554], [0.0017442409370514776, 0.0016297136963497737, 0.9999999999999998, 0.0005868390028860777, 0.00045493821894184816, 0.00027375469094617275, 0.00035081559250429864, 0.0003492488083382472, 0.00029778001024158025, 0.0006139357415036425, 0.00018690879120318368, 0.0003097253758570166], [0.000986430386872942, 0.0008992565053891592, 0.0005868390028860777, 1.0, 0.00024317501537849106, 0.00016795456116136472, 0.00023078038196144954, 0.00023352803574775666, 0.00020300510444616195, 0.00036793808822750766, 0.00013442137438133937, 0.00019734870719156857], [0.0008340715836173175, 0.0008194313411470877, 0.00045493821894184816, 0.00024317501537849106, 0.9999999999999998, 0.00041521475483656707, 0.00047128030983735215, 0.0005146681622878091, 0.0004081630654693435, 0.0008690814217557033, 0.0002703017036002216, 0.0004205264933764578], [0.0005599677605560047, 0.0005302788908632682, 0.00027375469094617275, 0.00016795456116136472, 0.00041521475483656707, 1.0, 0.0009717044215542472, 0.0007594668843653904, 0.0007596428908455909, 0.0007117281877632581, 0.00039162794790521425, 0.00047564152567231233], [0.000906810520358186, 0.0006995753981807231, 0.00035081559250429864, 0.00023078038196144954, 0.00047128030983735215, 0.0009717044215542472, 1.0, 4.9220985964170605e-05, 6.625069320815722e-05, 7.346862216881695e-05, 5.68554693784935e-05, 8.243584672375062e-05], [0.0009591906522507873, 0.0007279440869787042, 0.0003492488083382472, 0.00023352803574775666, 0.0005146681622878091, 0.0007594668843653904, 4.9220985964170605e-05, 1.0000000000000002, 0.0003204057738992821, 0.00019333300188902142, 0.00015595746298157316, 0.00019830836061637662], [0.0007663322355517299, 0.0005677185472249593, 0.00029778001024158025, 0.00020300510444616195, 0.0004081630654693435, 0.0007596428908455909, 6.625069320815722e-05, 0.0003204057738992821, 0.9999999999999998, 0.0017653230753690954, 0.001276497084698004, 0.0024137041253114687], [0.0013744227477666647, 0.0014762742338572412, 0.0006139357415036425, 0.00036793808822750766, 0.0008690814217557033, 0.0007117281877632581, 7.346862216881695e-05, 0.00019333300188902142, 0.0017653230753690954, 1.0000000000000002, 0.0006779467739643512, 0.0018411519529444493], [0.0004921371382319698, 0.00041939432078785837, 0.00018690879120318368, 0.00013442137438133937, 0.0002703017036002216, 0.00039162794790521425, 5.68554693784935e-05, 0.00015595746298157316, 0.001276497084698004, 0.0006779467739643512, 1.0, 0.00012829306158598935], [0.0006304038724835487, 0.0007607925619825554, 0.0003097253758570166, 0.00019734870719156857, 0.0004205264933764578, 0.00047564152567231233, 8.243584672375062e-05, 0.00019830836061637662, 0.0024137041253114687, 0.0018411519529444493, 0.00012829306158598935, 1.0]]

NONZERO_RESPONSE_COUNT:
12

DISTINCT_COMPLETE_RESPONSE_COUNT:
12

DISTINCT_NONZERO_COMPLETE_RESPONSE_COUNT:
12

REPLICATION_A_B_COMPLETE_RESPONSE_IDENTITY:
PASS

PAIRWISE_RELATION_REPLICATION:
PASS

ORIGINAL_AUTHORITATIVE_FACT_MUTATED:
NO

NEW_ARTIFACTS:
["evidence/kv_causal_response_structure/response_00_final.pt","evidence/kv_causal_response_structure/response_00_first_forward.pt","evidence/kv_causal_response_structure/response_01_final.pt","evidence/kv_causal_response_structure/response_01_first_forward.pt","evidence/kv_causal_response_structure/response_02_final.pt","evidence/kv_causal_response_structure/response_02_first_forward.pt","evidence/kv_causal_response_structure/response_03_final.pt","evidence/kv_causal_response_structure/response_03_first_forward.pt","evidence/kv_causal_response_structure/response_04_final.pt","evidence/kv_causal_response_structure/response_04_first_forward.pt","evidence/kv_causal_response_structure/response_05_final.pt","evidence/kv_causal_response_structure/response_05_first_forward.pt","evidence/kv_causal_response_structure/response_06_final.pt","evidence/kv_causal_response_structure/response_06_first_forward.pt","evidence/kv_causal_response_structure/response_07_final.pt","evidence/kv_causal_response_structure/response_07_first_forward.pt","evidence/kv_causal_response_structure/response_08_final.pt","evidence/kv_causal_response_structure/response_08_first_forward.pt","evidence/kv_causal_response_structure/response_09_final.pt","evidence/kv_causal_response_structure/response_09_first_forward.pt","evidence/kv_causal_response_structure/response_10_final.pt","evidence/kv_causal_response_structure/response_10_first_forward.pt","evidence/kv_causal_response_structure/response_11_final.pt","evidence/kv_causal_response_structure/response_11_first_forward.pt","kv_causal_response_structure.py","Verify KV Causal Response Structure.ps1","evidence/kv_causal_response_structure/completion_receipt.txt","evidence/kv_causal_response_structure/kv_causal_response_structure.json"]
